0,400
0,399
0,398
0,397
0,396
0,395
0,394
0,393
0,392
0,391
0,390
0,389
0,388
29,4
29,3
29,2
0,387
0,386
29,1
29,0
0,278
0,385
0,384
0,319
0,318
0,317
0,316
0,273
0,270
28,4
28,3
28,2
28,1
28,0
27,4
27,3
27,2
27,1
27,0
26,4
26,3
26,2
26,1
26,0
25,3
25,2
25,1
25,0
24,3
24,2
0,9
0,283
0,243
24,1
24,0
23,52
23,51
23,50
23,49
23,48
23,47
23,46
23,45
23,44
23,43
23,42
23,41
23,40
23,39
23,38
23,37
23,36
23,35
3,2
3,1
3,3
10,164
10,102
10,152
10,74
10,162
10,2
10,3
11,5
11,18
11,9
11,2
11,3
9,6
9,4
9,2
9,3
8,4
8,11
8,2
8,3
12,2
12,1
12,3
11,28
11,27
11,26
11,25
11,24
11,23
11,22
11,21
11,20
11,1
11,19
10,303
10,302
10,301
10,300
10,299
10,298
10,297
10,296
10,295
10,294
10,293
10,292
10,291
10,290
10,289
10,288
